You are playing: eggscellent
You lost this match
Your game win count:        7
Opponent game win count:   23
Put the 4 lines between the """ characters in a file to watch a replay
You are the blue player in the closest scoring round replay from this match:
"""
20
1615358737975
3,4,4,4,5,3,1,4,4,5,2,1,4,4,5,1,1,4,4,5,3,4,4,5,2,2,0,0,0,0,0,4,4,4,5,2,2,0,4,5,1,4,4,5,2,2,4,4,5,2,1,4,4,5,3,3,3,3,3,1,1,1,4,4,5,1,4,4,5,1,4,4,5,3,4,4,5,1,1,4,4,5,2,0,0,0,0,0,0,0,2,1,1,1,4,5,1,4,5,1,4,5,1,4,5,2,4,5,3,3,0,0,0,0,0,0,2,2,2,2,1,1,1,1,1,8,8,8,8,8,8,8,8,3,3,0,4,4,5,3,0,0,4,4,5,1,1,1,1,1,1,1,5,3,4,4,5,3,3,3,3,4,4,4,5,0,0,0,0,4,4,5,2,2,2,2,0,0,0,3,3,3,1,1,1,4,4,4,5,2,2,2,2,2,2,2,2,2,2,2,2,1,4,4,4,5,2,4,4,5,2,2,4,4,4,5,0,4,4,4,5,3,3,1,1,1,1,1,1,1,2,4,4,4,5,2,3,3,3,3,3,3,3,0,0,0,0,8,8,8,8,8,8,8,8,2,2,1,4,4,4,5,2,2,1,4,4,5,1,4,4,5,1,4,4,5,3,1,4,4,5,2,2,0,2,0,4,4,5,0,0,4,4,5,2,4,4,5,0,4,4,5,2,0,4,4,4,5,3,3,3,1,1,1,1,1
0,3,4,4,4,5,1,1,1,4,4,4,5,3,4,4,5,3,4,5,3,4,5,0,0,2,2,2,2,1,1,4,4,4,5,1,3,4,5,3,4,5,3,4,5,3,4,5,0,0,0,2,2,2,2,3,3,3,3,4,4,5,1,3,4,5,3,4,5,3,4,4,5,1,4,5,0,0,2,2,2,2,2,2,2,1,3,3,3,4,5,1,3,3,4,5,3,4,5,1,3,4,5,1,4,5,1,1,1,0,2,8,8,8,8,8,8,8,1,1,1,1,3,3,3,3,1,4,4,4,5,1,2,4,4,4,5,0,0,4,4,5,0,4,4,5,0,0,4,4,5,1,1,1,3,2,2,4,4,5,0,0,4,5,2,4,5,0,4,5,0,4,5,1,1,1,1,3,3,3,3,3,3,4,4,4,5,0,2,2,2,2,2,2,2,4,5,1,4,4,4,5,1,4,4,5,3,4,4,5,0,3,3,3,0,0,2,2,2,2,4,5,0,4,5,1,0,0,8,8,8,8,8,8,8,0,3,3,4,5,1,1,1,2,2,2,2,4,5,1,4,5,1,3,3,3,3,3,1,2,2,2,2,2,4,5,1,2,4,5,1,1,4,4,4,5,3,4,4,4,5,0,2,2,2,4,4,4,5,0,0,0,3,3,3,3,3,3,3,3,0,0,2,2,2,2,2,2,4,5,0,4,5,1,2,4
"""

You are playing: Colin's Strategy
You won this match
Your game win count:       30
Opponent game win count:    0

You are playing: Strategy
You won this match
Your game win count:       30
Opponent game win count:    0
Put the 4 lines between the """ characters in a file to watch a replay
You are the red player in the closest scoring round replay from this match:
"""
24
1615359008100
3,3,4,4,4,5,1,4,4,4,5,1,4,4,4,5,2,2,4,4,5,1,4,4,5,0,0,0,0,2,4,4,5,0,2,4,4,5,0,4,4,5,2,4,4,4,5,2,2,4,4,5,1,1,1,3,3,3,3,3,0,3,3,4,4,4,5,0,2,4,4,4,5,0,0,2,4,4,4,5,2,4,4,4,5,1,1,1,2,2,2,4,4,5,1,3,3,3,3,1,2,2,2,4,4,5,1,4,5,1,4,5,3,4,5,1,1,4,5,0,0,0,0,0,1,1,1,1,1,1,1,2,2,2,8,8,8,8,8,8,8,8,0,0,0,0,0,0,0,3,3,3,3,3,2,2,2,2,4,4,5,1,4,5,1,4,5,1,4,5,2,4,5,0,0,0,3,3,3,3,3,1,1,1,1,1,1,4,4,5,3,4,4,5,3,4,4,5,3,4,4,4,5,3,4,4,4,5,0,0,0,0,0,0,2,2,2,2,1,1,1,1,1,2,4,5,1,4,5,1,4,5,1,4,5,1,4,4,5,0,0,0,1,2,2,2,2,8,8,8,8,8,8,8,8,0,0,0,0,0,0,0,3,3,3,3,3,1,2,2,2,2,2,4,5,1,4,5,2,4,5,1,4,4,5,2,4,5,0,0,0,3,3,3,3,3,3,3,1,1,1,1,2,2,2,4,5,1,4,5,1,3,4,5,1,4,4,4,5,2,4,5,0,0,0,0,0,0,0,3,3,3,1,2,2,2,2,2,2,1,1,1,1,1,8,8,8,8,8,8,8,8,1,1,1,4,5,1,4,5,3,4,5,3,4,5,3,4,5,1,1,2,2,2,2,2,2,2,2,2,1,3,4,4,5,1,4,4,4,5,1,1,3,4,4,5,3,3,4,4,4,5,3,4,4,5,0,0,0,0,2,2,2,2,2
3,4,4,5,1,4,4,5,1,3,4,4,5,1,4,4,5,1,4,5,2,4,4,5,0,0,0,2,8,8,8,8,8,8,8,8,8,8,8,8,8,8,8,8,8,8,8,8,8,8,8,8,8,8,8,8,8,8,8,8,8,8,8,8,8,8,8,8,8,8,8,8,8,8,8,8,8,8,8,8,8,8,8,8,8,8,8,8,8,8,8,8,8,8,8,8,8,8,8,8,8,8,8,8,8,8,8,8,8,8,8,8,8,8,8,8,8,8,8,8,8,8,8,8,8,8,8,8,8,8,8,8,8,8,8,8,8,8,8,8,8,8,8,8,8,8,0,0,2,2,4,4,4,5,0,4,5,0,3,4,4,4,5,3,3,3,3,4,4,4,5,3,4,4,4,5,3,3,4,4,5,1,1,1,1,2,2,2,2,2,2,0,0,3,3,4,4,5,3,4,4,5,1,4,4,5,1,1,4,5,1,4,5,1,4,5,0,0,0,2,2,2,8,8,8,8,8,8,8,8,8,8,8,8,8,8,8,8,8,8,8,8,8,8,8,8,8,8,8,8,8,8,8,8,8,8,8,8,8,8,8,8,0,1,2,2,4,4,4,5,1,1,2,4,4,4,5,0,2,4,4,4,5,1,1,1,1,4,5,3,4,4,4,5,3,4,4,5,0,0,0,8,1,1,1,3,3,3,3,3,3,3,3,8,8,8,8,8,8,8,8,8,8,1,1,1,1,1,1,1,3,3,3,3,3,3,8,8,8,8,8,8,8,8,0,3,4,4,4,5,3,4,4,4,5,0,4,4,5,0,0,4,4,4,5,0,4,4,5,2,4,4,4,5,1,1,1,1,1,2,8,8,8,8,8,8,8,8,8,8,8,8,8,8,0,0,2,4,4,5,2,4,4,5,1,4,4,5,1,4,4,5,2,2,4
"""

You are playing: Play Up Pompey!
You lost this match
Your game win count:        7
Opponent game win count:   23
Put the 4 lines between the """ characters in a file to watch a replay
You are the red player in the closest scoring round replay from this match:
"""
20
1615359112695
1,4,4,5,1,4,4,5,2,4,4,4,5,1,4,5,1,4,5,0,0,0,0,3,3,3,4,4,4,5,1,1,1,4,4,5,2,4,4,5,1,4,4,5,1,4,4,5,0,0,0,0,0,2,1,2,4,4,5,2,4,5,1,1,4,5,2,4,5,0,4,4,5,0,0,3,3,3,0,0,2,4,4,4,5,0,0,2,4,4,4,5,1,2,4,4,4,5,1,1,1,4,4,5,2,4,4,5,3,3,3,3,1,1,1,1,4,4,5,1,1,4,5,2,4,5,0,1,2,2,2,8,8,8,8,8,8,8,3,3,4,5,1,4,5,0,0,0,0,0,0,0,3,3,1,1,3,3,3,3,4,5,1,1,4,4,4,5,1,1,4,4,5,1,4,4,5,1,2,2,2,4,4,5,0,0,0,0,0,0,0,0,2,1,1,1,2,2,2,2,2,4,4,5,2,2,4,5,2,4,5,1,1,4,5,3,4,5,1,1,1,1,1,2,2,2,3,3,0,0,0,0,3,3,3,8,8,8,8,8,8,8,8,1,1,4,5,1,4,5,2,4,5,1,4,4,5,1,4,4,5,0,2,2,2,2,3,3,4,4,4,5,1,4,4,5,3,4,4,5,1,2,4,4,4,5,2,4,4,4,5,0,0,2
0,0,0,4,4,4,5,3,3,3,4,4,4,5,0,4,4,4,5,3,4,4,4,5,1,3,4,4,4,5,1,1,2,1,2,2,2,2,1,3,4,4,5,2,1,4,4,5,1,1,4,4,5,3,4,5,3,4,5,0,2,2,0,0,0,3,1,3,1,3,4,5,3,4,5,3,4,5,0,4,4,4,5,2,4,4,4,5,0,2,2,2,2,3,3,3,4,4,5,0,4,4,5,3,3,1,3,3,4,4,5,1,3,1,4,5,1,4,4,4,5,0,0,0,2,2,2,2,2,2,2,1,1,3,3,3,3,3,1,1,3,1,8,8,8,8,8,8,8,8,8,3,3,4,5,3,3,4,4,4,5,2,4,5,0,3,3,3,1,1,1,4,4,5,1,2,1,1,1,4,4,4,5,1,4,4,4,5,2,1,4,4,4,5,2,2,4,4,4,5,1,4,4,4,5,0,0,0,0,3,3,3,2,4,4,5,2,4,4,5,0,4,4,5,0,4,5,1,2,4,4,5,3,1,3,3,3,1,3,4,4,4,5,2,2,2,2,2,4,4,5,1,4,4,5,2,4,4,5,1,2,4,4,4,5,3,0,0,0,3,3,3,3,1,2,1,2,2,2,2,4,4,5,2,2,2,2,3,0,3,0,3,0,0
"""

You are playing: Serena's Strategy
You won this match
Your game win count:       27
Opponent game win count:    3
Put the 4 lines between the """ characters in a file to watch a replay
You are the red player in the closest scoring round replay from this match:
"""
24
1615359263708
3,4,4,4,5,1,3,4,4,4,5,3,4,4,4,5,3,4,4,4,5,1,1,4,4,5,0,0,0,2,2,2,2,1,4,4,5,1,3,3,4,4,4,5,1,4,4,4,5,1,3,4,4,4,5,1,4,4,5,0,0,0,0,0,2,2,2,0,0,4,4,4,5,0,4,4,4,5,0,2,2,4,4,4,5,1,1,2,4,4,5,1,4,4,5,1,3,3,3,0,3,3,4,4,4,5,1,1,1,1,1,1,4,4,5,1,3,4,4,5,1,4,4,4,5,3,4,4,4,5,0,0,0,1,1,1,2,2,2,2,2,2,2,2,2,2,2,2,2,2,2,2,2,2,2,2,2,2,2,2,2,2,2,2,2,2,2,2,2,2,2,2,2,2,2,2,2,2,2,2,2,2,2,2,2,2,2,2,2,2,2,2,2,2,2,2,2,2,2,2,2,2,2,2,2,2,2,2,2,2,2,2,2,2,2,2,2,2,2,2,2,2,2,2,2,2,2,2,2,2,2,2,2,2,2,2,2,2,2,2,2,2,2,2,2,2,2,2,2,2,2,2,2,2,2,2,2,2,2,2,2,2,2,2,2,2,2,2,2,2,2,2,2,2,2,2,2,2,2,2,2,2,2,2,2,2,2,2,2,2,2,2,2,2,2,2,2,2,2,2,2,2,2,2,2,2,2,2,2,2,2,2,2,2,2,2,2,2,2,2,2,2,2,2,2,2,2,2,2,2,2,2,2,2,2,2,2,2,2,2,2,2,2,2,2,2,2,2,2,2,2,2,2,2,2,2,2,2,2,2,2,2,2,2,2,2,2,2,2,2,2,2,2,2,2,2,2,2,2,2,2,2,2,2,2,2,2,2,2,2,2,2,2,2,2,2,2,2,2,2,2,2,2,2,2,2,2,2,2,2,2,2,2,2,2,2,2,2,2,2,2,2,2,2,2,2,2,2,2,2,2,2,2,2,2,2,2,2,2,2,2,2,2,2,2,2,2,2,2,2,2,2,2,2,2,2,2,2,2,2,2,2,2,2,2,2,2,2,2,2,2,2,2,2,2,2,2,2,2,2,2,2,2,2,2,2,2,2,2,2,2,2,2,2,2,2,2,2,2,2,2,2,2,2,2,2,2,2,2,2,2,2,2,2,2,2,2,2,2,2,2,2,2,2,2,2,2,2,2,2,2,2,2,2,2,2,2,2,2,2,2,2,2,2,2,2,2,2,2,2,2,2,2,2,2,2,2,2,2,2,2,2,2,2,2,2,2,2,2,2,2,2,2,2,2,2,2,2,2,2,2,2,2,2,2,2,2,2,2,2,2,2,2,2,2,2,2,2,2,2,2,2,2,2,2,2,2,2,2,2,2,2,2,2,2,2,2,2,2,2,2,2,2,2,2,2,2,2,2,2,2,2,2,2,2,2,2,2,2,2,2,2,2,2,2,2,2,2,2,2,2,2,2,2,2,2,2,2,2,2,2,2,2,2,2,2,2,2,2,2,2,2,2,2,2,2,2,2,2,2,2,2,2,2,2,2,2,2,2,2,2,2,2,2,2,2,2,2,2,2,2,2,2,2,2,2,2,2,2,2,2,2,2,2,2,2,2,2,2,2,2,2,2,2,2,2,2,2,2,2,2,2,2,2,2,2,2,2,2,2,2,2,2,2,2,2,2,2,2,2,2,2,2,2,2,2,2,2,2,2,2,2,2,2,2,2,2,2,2,2,2,2,2,2,2,2,2,2,2,2,2,2,2,2,2,2,2,2,2,2,2,2,2,2,2,2,2,2,2,2,2,2,2,2,2,2,2,2,2,2,2,2,2,2,2,2,2,2,2,2,2,2,2,2,2,2,2,2,2,2,2,2,2,2,2,2,2,2,2,2,2,2,2,2,2,2,2,2,2,2,2,2,2,2,2,2,2,2,2,2,2,2,2,2,2,2,2,2,2,2,2,2,2,2,2,2,2,2,2,2,2,2,2,2,2,2,2,2,2,2,2,2,2,2,2,2,2,2,2,2,2,2,2,2,2,2,2,2,2,2,2,2,2,2,2,2,2,2,2,2,2,2,2,2,2,2,2,2,2,2,2,2,2,2,2,2,2,2,2,2,2,2,2,2,2,2,2,2,2,2,2,2,2,2,2,2,2,2,2,2,2,2,2,2,2,2,2,2,2,2,2,2,2,2,2,2,2,2,2,2,2,2,2,2,2,2,2,2,2,2,2,2,2,2,2,2,2,2,2,2
1,4,4,5,3,3,4,5,1,4,4,5,3,4,5,3,4,5,3,3,3,3,3,3,3,3,1,1,1,1,1,1,1,1,1,1,2,4,4,5,2,1,4,4,4,5,2,4,4,4,5,1,4,4,5,1,1,4,4,4,5,3,3,3,0,0,0,0,1,1,4,4,4,5,3,0,0,0,0,4,4,5,0,0,4,4,5,0,0,4,4,5,3,4,4,5,2,2,1,1,1,1,1,1,0,0,0,4,4,5,2,4,4,5,0,4,4,5,2,4,5,1,4,5,3,3,1,1,1,2,2,2,2,2,0,0,4,5,0,4,5,0,0,8,8,8,8,8,8,8,8,8,3,3,3,3,3,3,3,3,3,3,3,3,3,3,3,3,3,3,3,3,3,3,3,3,3,3,3,3,3,3,3,3,3,3,3,3,3,3,3,3,3,3,3,3,3,3,3,3,3,3,3,3,3,3,3,3,3,3,3,3,3,3,3,3,3,3,3,3,3,3,3,3,3,3,3,3,3,3,3,3,3,3,3,3,3,3,3,3,3,3,3,3,3,3,3,3,3,3,3,3,3,3,3,3,3,3,3,3,3,3,3,3,3,3,3,3,3,3,3,3,3,3,3,3,3,3,3,3,3,3,3,3,3,3,3,3,3,3,3,3,3,3,3,3,3,3,3,3,3,3,3,3,3,3,3,3,3,3,3,3,3,3,3,3,3,3,3,3,3,3,3,3,3,3,3,3,3,3,3,3,3,3,3,3,3,3,3,3,3,3,3,3,3,3,3,3,3,3,3,3,3,3,3,3,3,3,3,3,3,3,3,3,3,3,3,3,3,3,3,3,3,3,3,3,3,3,3,3,3,3,3,3,3,3,3,3,3,3,3,3,3,3,3,3,3,3,3,3,3,3,3,3,3,3,3,3,3,3,3,3,3,3,3,3,3,3,3,3,3,3,3,3,3,3,3,3,3,3,3,3,3,3,3,3,3,3,3,3,3,3,3,3,3,3,3,3,3,3,3,3,3,3,3,3,3,3,3,3,3,3,3,3,3,3,3,3,3,3,3,3,3,3,3,3,3,3,3,3,3,3,3,3,3,3,3,3,3,3,3,3,3,3,3,3,3,3,3,3,3,3,3,3,3,3,3,3,3,3,3,3,3,3,3,3,3,3,3,3,3,3,3,3,3,3,3,3,3,3,3,3,3,3,3,3,3,3,3,3,3,3,3,3,3,3,3,3,3,3,3,3,3,3,3,3,3,3,3,3,3,3,3,3,3,3,3,3,3,3,3,3,3,3,3,3,3,3,3,3,3,3,3,3,3,3,3,3,3,3,3,3,3,3,3,3,3,3,3,3,3,3,3,3,3,3,3,3,3,3,3,3,3,3,3,3,3,3,3,3,3,3,3,3,3,3,3,3,3,3,3,3,3,3,3,3,3,3,3,3,3,3,3,3,3,3,3,3,3,3,3,3,3,3,3,3,3,3,3,3,3,3,3,3,3,3,3,3,3,3,3,3,3,3,3,3,3,3,3,3,3,3,3,3,3,3,3,3,3,3,3,3,3,3,3,3,3,3,3,3,3,3,3,3,3,3,3,3,3,3,3,3,3,3,3,3,3,3,3,3,3,3,3,3,3,3,3,3,3,3,3,3,3,3,3,3,3,3,3,3,3,3,3,3,3,3,3,3,3,3,3,3,3,3,3,3,3,3,3,3,3,3,3,3,3,3,3,3,3,3,3,3,3,3,3,3,3,3,3,3,3,3,3,3,3,3,3,3,3,3,3,3,3,3,3,3,3,3,3,3,3,3,3,3,3,3,3,3,3,3,3,3,3,3,3,3,3,3,3,3,3,3,3,3,3,3,3,3,3,3,3,3,3,3,3,3,3,3,3,3,3,3,3,3,3,3,3,3,3,3,3,3,3,3,3,3,3,3,3,3,3,3,3,3,3,3,3,3,3,3,3,3,3,3,3,3,3,3,3,3,3,3,3,3,3,3,3,3,3,3,3,3,3,3,3,3,3,3,3,3,3,3,3,3,3,3,3,3,3,3,3,3,3,3,3,3,3,3,3,3,3,3,3,3,3,3,3,3,3,3,3,3,3,3,3,3,3,3,3,3,3,3,3,3,3,3,3,3,3,3,3,3,3,3,3,3,3,3,3,3,3,3,3,3,3,3,3,3,3,3,3,3,3,3,3,3,3,3,3,3,3,3,3,3,3,3,3,3,3,3,3,3,3,3,3,3,3,3,3,3
"""

You are playing: BoostedTurtle
You lost this match
Your game win count:       13
Opponent game win count:   17
Put the 4 lines between the """ characters in a file to watch a replay
You are the blue player in the closest scoring round replay from this match:
"""
28
1615359386604
2,4,4,5,3,0,4,4,4,5,0,4,4,4,5,2,0,4,4,4,5,0,4,4,4,5,2,2,4,5,3,3,3,1,1,1,1,3,3,1,4,4,4,5,1,4,4,4,5,2,4,4,5,2,2,4,4,5,1,1,4,4,5,3,0,0,0,0,2,2,0,0,4,4,4,5,2,2,2,0,4,4,5,2,4,4,5,2,0,4,4,4,5,2,4,4,4,5,3,3,3,3,3,3,3,3,1,1,1,1,3,3,3,1,1,4,4,4,5,1,4,4,4,5,2,1,4,4,5,2,2,2,2,2,2,2,2,1,1,1,8,8,8,8,8,8,8,8,8,3,3,1,1,4,5,3,4,5,3,3,3,0,0,0,0,0,0,0,0,0,2,2,2,1,1,1,4,5,2,4,5,2,4,5,0,4,5,2,4,5,3,3,3,3,3,3,0,0,1,1,1,1,4,4,5,2,1,4,4,5,1,4,4,5,2,4,5,1,4,5,3,3,0,0,0,0,0,0,0,2,2,2,2,1,1,4,5,2,0,4,5,2,1,1,1,1,1,1,8,8,8,8,8,8,8,8,3,3,0,0,4,5,3,4,5,0,4,5,3,3,3,0,0,0,0,2,2,1,1,1,1,4,5,2,2,4,5,2,4,5,2,2,0,4,5,2,4,5,3,3,3,3,3,3,3,3,0,0,0,3,3,3,3,1,1,1,1,4,4,4,5,3,4,4,4,5,2,2,1,4,4,5,2,1,4,4,5,2,4,4,5,2,0,0,0,0,0,0,3,1,1,1,1,1,4,4,5,2,2,2,2,2,2,2,1,1,8,8,8,8,8,8,8,8,8,3,3,3,4,5,1,4,5,3,4,5,1,4,4,5,3,3,0,0,0,0,0,0,0,0,0,2,2,2,2,2,0,0,0,0,4,4,4,5,0,4,5,2,4,4,4,5,2,2,1,1,4,4,5,2,1,4,4,4,5,3,3,3,3,3,3,3,3,3,1,1,2,2,2,2,2,2,4,4,5,1,4,5,2,4,4,4,5,2,4,5,2,0,4,4,5,3,3,3,3,3,3,3,3,3,2,1,1,1,1,1,1,1,4,5,2,2,2,2,2,8,8,8,8,8,8,8,8,8,2,2,2,0,0,0,4,5,2,4,5,2,4,5,0,4,5,3,3,3,3,3,3,3,3,3,3,3,0,0,0,2,2,2,2,2,2,2,1,1,4,5,2,2,2,1,4,5,0,0,4,4,5,2,1,1,1,1,4,5,2,4,5,2,2,1,1,1,1,1,1,1,1,1,0,4,4,5,3,4,4,5,3,4,4,5,1,4,4,5,2,1,4,4,5,2,0,2,2,4,4,4,5,3,0,0,4,4,5,3,1,1
0,3,4,4,5,3,4,4,5,0,2,4,4,4,5,0,4,4,4,5,0,2,4,4,4,5,1,1,1,1,1,1,4,4,5,1,4,4,5,3,4,4,5,1,4,4,5,3,4,5,0,0,0,0,2,2,1,1,2,4,4,5,3,3,3,4,4,5,3,3,4,5,3,4,5,1,4,5,0,0,0,2,2,2,2,2,0,0,2,4,5,1,2,4,4,4,5,2,4,4,4,5,1,1,2,4,4,4,5,1,2,4,4,4,5,0,0,3,3,3,3,3,1,1,1,1,1,1,1,1,3,3,3,3,3,3,3,3,8,8,8,8,8,8,8,8,1,1,1,1,1,1,3,3,3,3,3,3,0,4,4,5,3,4,4,4,5,3,3,4,4,4,5,1,4,5,3,4,4,4,5,2,2,2,2,3,3,4,4,4,5,1,1,1,4,4,4,5,2,2,2,4,4,4,5,1,4,4,4,5,1,3,4,4,4,5,0,0,0,0,0,1,2,4,4,5,2,4,4,5,0,0,0,4,4,5,2,4,5,1,4,4,5,1,3,3,3,0,0,0,3,4,4,5,0,4,4,5,0,4,4,5,3,3,4,4,5,3,3,0,2,2,2,2,2,2,2,2,2,2,2,8,8,8,8,8,8,8,8,1,1,4,5,1,1,1,1,3,3,3,3,3,3,0,0,0,2,4,4,5,0,0,4,4,5,0,4,5,3,4,4,5,0,0,4,4,5,1,1,1,1,1,1,1,1,0,0,0,3,3,3,4,4,4,5,0,3,3,4,4,4,5,0,4,4,4,5,0,0,4,4,4,5,3,4,4,4,5,1,1,1,1,1,1,1,2,2,2,2,2,2,0,0,0,0,0,0,2,2,2,2,2,2,8,8,8,8,8,8,8,8,1,1,3,4,5,3,4,4,4,5,3,4,5,3,4,5,1,2,2,4,5,1,1,1,3,3,3,3,0,0,2,2,2,2,4,4,4,5,2,4,5,0,4,5,2,4,5,1,4,5,1,1,3,3,3,3,3,3,2,2,2,2,2,2,4,4,5,0,4,5,2,4,5,1,4,4,5,1,4,4,5,0,3,3,3,3,3,3,3,1,1,1,1,2,2,2,2,0,0,0,0,0,0,0,0,0,0,2,2,8,8,8,8,8,8,8,8,1,1,1,2,4,5,1,4,5,2,4,5,1,4,5,2,4,5,1,3,3,3,3,3,3,3,3,3,1,1,1,1,2,2,2,2,4,4,4,5,1,4,4,4,5,0,2,4,4,4,5,2,2,4,4,4,5,1,1,4,5,0,0,0,0,0,0,3,3,3,3,3,3,3,1,1,2,2,2,2,2,2,4,4,5,2,4,4,5,1,2,4,4,5,2,4,4,5
"""

You are playing: PlayerStrategy
This match was a draw
Your game win count:       15
Opponent game win count:   15
Put the 4 lines between the """ characters in a file to watch a replay
You are the blue player in the closest scoring round replay from this match:
"""
20
1615359513245
0,0,0,2,2,4,4,4,5,2,2,4,4,4,5,2,4,4,4,5,0,4,4,4,5,1,2,4,4,4,5,1,1,1,3,3,3,3,3,3,1,1,2,2,4,5,1,4,5,1,4,5,3,4,5,1,4,5,0,0,0,0,0,3,3,3,4,4,4,5,1,1,2,4,4,4,5,1,1,1,3,4,4,4,5,3,4,5,3,4,4,4,5,0,0,0,0,0,2,2,2,2,2,4,4,5,1,2,4,4,5,1,1,3,3,4,4,5,1,4,4,5,1,4,5,2,2,2,2,8,8,8,8,8,8,8,8,0,0,0,0,0,3,3,3,3,1,1,1,1,3,3,3,3,4,4,4,5,1,1,1,1,1,1,2,2,4,4,4,5,1,1,2,2,4,4,5,2,4,4,4,5,1,1,2,4,4,4,5,0,0,0,0,2,2,2,2,2,2,2,2,1,1,3,4,5,0,0,4,4,5,0,3,3,4,5,1,1,1,3,4,4,4,5,1,3,4,4,4,5,0,0,0,2,2,2,2,2,0,4,4,5,0,0,0,3,3,4,5,3,3,3,8,8,8,8,8,8,8,8,8,1,1,4,5,1,1,1,1,1,1,1,1,1,1,1,1,1,1,1,1,1,1,1,1,1,1,1,1,1,1,1,1,1,1,1,1,1,1,1,1,1,1,1,1,1,1,1,1,1,1,1,1,1,1,1,1,1,1,1,1,1,1,1,1,1,1,1,1,1,1,1,1,1,1,1,1,1,1,1,1,1,1,1,1,1,1,1,1,1,1,1,1,1,1,1,1,1,1,1,1,1,1,1,1,1,1,1,1,1,1,1,1,1,1,1,1,1,1,1,1,1,1,1,1,1,1,1,1,1,1,1,1,1,1,1,1,1,1,1,1,1,1,1,1,1,1,1,1,1,1,1,1,1,1,1,1,1,1,1,1,1,1,1,1,1,1,1,1,1,1,1,1,1,1,1,1,1,1,1,1,1,1,1,1,1,1,1,1,1,1,1,1,1,1,1,1,1,1,1,1,1,1,1,1,1,1,1,1,1,1,1,1,1,1,1,1,1,1,1,1,1,1,1,1,1,1,1,1,1,1,1,1,1,1,1,1,1,1,1,1,1,1,1,1,1,1,1,1,1,1,1,1,1,1,1,1,1,1,1,1,1,1,1,1,1,1,1,1,1,1,1,1,1,1,1,1,1,1,1,1,1,1,1,1,1,1,1,1,1,1,1,1,1,1,1,1,1,1,1,1,1,1,1,1,1,1,1,1,1,1,1,1,1,1,1,1,1,1,1,1,1,1,1,1,1,1,1,1,1,1,1,1,1,1,1,1,1,1,1,1,1,1,1,1,1,1,1,1,1,1,1,1,1,1,1,1,1,1,1,1,1,1,1,1,1,1,1,1,1,1,1,1,1,1,1,1,1,1,1,1,1,1,1,1,1,1,1,1,1,1,1,1,1,1,1,1,1,1,1,1,1,1,1,1,1,1,1,1,1,1,1,1,1,1,1,1,1,1,1,1,1,1,1,1,1,1,1,1,1,1,1,1,1,1,1,1,1,1,1,1,1,1,1,1,1,1,1,1,1,1,1,1,1,1,1,1,1,1,1,1,1,1,1,1,1,1,1,1,1,1,1,1,1,1,1,1,1,1,1,1,1,1,1,1,1,1,1,1,1,1,1,1,1,1,1,1,1,1,1,1,1,1,1,1,1,1,1,1,1,1,1,1,1,1,1,1,1,1,1,1,1,1,1,1,1,1,1,1,1,1,1,1,1,1,1,1,1,1,1,1,1,1,1,1,1,1,1,1,1,1,1,1,1,1,1,1,1,1,1,1,1,1,1,1,1,1,1,1,1,1,1,1,1,1,1,1,1,1,1,1,1,1,1,1,1,1,1,1,1,1,1,1,1,1,1,1,1,1,1,1,1,1,1,1,1,1,1,1,1,1,1,1,1,1,1,1,1,1,1,1,1,1,1,1,1,1,1,1,1,1,1,1,1,1,1,1,1,1,1,1,1,1,1,1,1,1,1,1,1,1,1,1,1,1,1,1,1,1,1,1,1,1,1,1,1,1,1,1,1,1,1,1,1,1,1,1,1,1,1,1,1,1,1,1,1,1,1,1,1,1,1,1,1,1,1,1,1,1,1,1,1,1,1,1,1,1,1,1,1,1,1,1,1,1,1,1,1,1,1,1,1,1,1,1,1,1,1,1,1,1,1,1,1,1,1,1,1,1,1
1,4,4,5,0,3,3,4,4,5,3,4,4,5,3,4,4,5,3,4,4,5,3,4,4,5,2,2,2,2,2,2,0,0,4,4,4,5,3,3,4,5,3,4,4,5,3,4,4,5,1,3,4,4,5,1,2,2,2,2,2,0,3,3,4,4,5,1,1,3,3,4,5,3,4,5,3,4,5,3,4,4,5,0,2,2,2,2,2,2,2,1,1,2,2,4,4,5,1,4,4,5,1,1,2,4,4,4,5,2,4,4,4,5,0,4,4,4,5,0,0,0,0,1,1,1,1,1,1,3,3,3,3,3,3,3,3,3,3,8,8,8,8,8,8,8,8,1,1,1,1,3,3,3,3,0,4,4,4,5,0,0,4,4,5,3,4,4,5,0,2,2,4,5,2,4,5,1,1,1,1,3,3,2,4,4,5,2,2,4,4,5,0,4,5,0,4,5,0,4,4,5,1,1,1,3,3,3,2,2,2,2,4,4,5,0,4,5,0,4,5,0,4,5,3,3,4,5,1,1,1,3,3,1,1,2,2,2,4,4,5,2,4,4,5,1,4,4,4,5,1,4,4,4,5,2,4,4,4,5,0,0,0,0,0,0,0,0,0,0,0,0,0,0,0,0,0,0,0,0,0,0,0,0,0,0,0,0,0,0,0,0,0,0,0,0,0,0,0,0,0,0,0,0,0,0,0,0,0,0,0,0,0,0,0,0,0,0,0,0,0,0,0,0,0,0,0,0,0,0,0,0,0,0,0,0,0,0,0,0,0,0,0,0,0,0,0,0,0,0,0,0,0,0,0,0,0,0,0,0,0,0,0,0,0,0,0,0,0,0,0,0,0,0,0,0,0,0,0,0,0,0,0,0,0,0,0,0,0,0,0,0,0,0,0,0,0,0,0,0,0,0,0,0,0,0,0,0,0,0,0,0,0,0,0,0,0,0,0,0,0,0,0,0,0,0,0,0,0,0,0,0,0,0,0,0,0,0,0,0,0,0,0,0,0,0,0,0,0,0,0,0,0,0,0,0,0,0,0,0,0,0,0,0,0,0,0,0,0,0,0,0,0,0,0,0,0,0,0,0,0,0,0,0,0,0,0,0,0,0,0,0,0,0,0,0,0,0,0,0,0,0,0,0,0,0,0,0,0,0,0,0,0,0,0,0,0,0,0,0,0,0,0,0,0,0,0,0,0,0,0,0,0,0,0,0,0,0,0,0,0,0,0,0,0,0,0,0,0,0,0,0,0,0,0,0,0,0,0,0,0,0,0,0,0,0,0,0,0,0,0,0,0,0,0,0,0,0,0,0,0,0,0,0,0,0,0,0,0,0,0,0,0,0,0,0,0,0,0,0,0,0,0,0,0,0,0,0,0,0,0,0,0,0,0,0,0,0,0,0,0,0,0,0,0,0,0,0,0,0,0,0,0,0,0,0,0,0,0,0,0,0,0,0,0,0,0,0,0,0,0,0,0,0,0,0,0,0,0,0,0,0,0,0,0,0,0,0,0,0,0,0,0,0,0,0,0,0,0,0,0,0,0,0,0,0,0,0,0,0,0,0,0,0,0,0,0,0,0,0,0,0,0,0,0,0,0,0,0,0,0,0,0,0,0,0,0,0,0,0,0,0,0,0,0,0,0,0,0,0,0,0,0,0,0,0,0,0,0,0,0,0,0,0,0,0,0,0,0,0,0,0,0,0,0,0,0,0,0,0,0,0,0,0,0,0,0,0,0,0,0,0,0,0,0,0,0,0,0,0,0,0,0,0,0,0,0,0,0,0,0,0,0,0,0,0,0,0,0,0,0,0,0,0,0,0,0,0,0,0,0,0,0,0,0,0,0,0,0,0,0,0,0,0,0,0,0,0,0,0,0,0,0,0,0,0,0,0,0,0,0,0,0,0,0,0,0,0,0,0,0,0,0,0,0,0,0,0,0,0,0,0,0,0,0,0,0,0,0,0,0,0,0,0,0,0,0,0,0,0,0,0,0,0,0,0,0,0,0,0,0,0,0,0,0,0,0,0,0,0,0,0,0,0,0,0,0,0,0,0,0,0,0,0,0,0,0,0,0,0,0,0,0,0,0,0,0,0,0,0,0,0,0,0,0,0,0,0,0,0,0,0,0,0,0,0,0,0,0,0,0,0,0,0,0,0,0,0,0,0,0,0,0,0,0,0,0,0,0,0,0,0,0,0,0,0,0,0,0,0,0,0,0,0,0,0,0,0,0,0,0,0,0,0,0,0,0,0,0,0
"""

You are playing: WSStrategy
You won this match
Your game win count:       28
Opponent game win count:    2
Put the 4 lines between the """ characters in a file to watch a replay
You are the blue player in the closest scoring round replay from this match:
"""
24
1615359672061
1,3,4,4,5,0,4,4,4,5,0,4,5,3,1,4,4,4,5,3,4,4,4,5,2,2,2,0,2,1,1,1,1,4,4,5,1,4,5,1,4,5,1,4,5,1,4,4,5,0,0,3,0,0,0,0,0,1,1,1,3,3,1,4,4,5,1,1,4,4,5,1,4,4,5,0,2,4,4,5,2,4,4,5,0,0,0,0,0,0,2,1,2,1,1,2,4,5,1,4,5,2,1,2,1,8,8,8,8,8,8,8,1,1,1,4,5,1,4,4,5,1,4,5,2,2,1,2,2,2,2,2,1,4,4,5,1,4,4,4,5,1,2,0,2,4,4,4,5,3,3,3,3,0,4,4,5,2,2,0,3,4,4,5,0,4,4,5,0,4,4,5,3,4,4,4,5,0,4,5,2,2,1,1,1,3,3,3,3,3,3,4,4,5,0,4,5,3,0,0,0,0,8,8,8,8,8,0,2,2,2,2,4,5,0,4,5,2,2,0,4,5,2,1,1,1,1,1,1,1,1,0,4,4,5,0,0,0,4,4,5,0,4,4,5,3,4,5,1,4,4,5,1,2,1,1,1,3,3,0,3,0,4,5,0,4,5,0,4,5,0,4,5,2,4,5,1,1,2,1,1,1,2,0,3,0,0,3,3,0,3,3,3,3,0,8,8,8,8,8,8,1,2,1,4,5,1,4,5,2,4,5,0,4,5,2,4,5,2,2,1,1,2,1,2,0,3,1,1,3,3,4,4,5,3,4,4,5,1,2,1,4,4,4,5,1,4,4,4,5,2,0,0,2,0,0,2,0,2,1,4,4,4,5,2,4,4,4,5,0,4,4,4,5,3,3,1,0,3,3,0,3,3,4,4,4,5,0,3,0,0,3,8,8,8,8,8,8,1,2,1,1,1,4,4,4,5,2,4,4,5,3,0,2,1,1,2,0,2,1,3,3,3,2,2,2,2,2,1,2,0,0,0,0,2,4,4,5,2,0,4,5,2,4,4,4,5,3,1,1,1,3,1,3,3
1,4,4,5,3,4,4,5,3,3,4,4,5,3,4,5,3,4,5,0,2,2,2,2,2,1,2,4,4,5,1,1,4,4,5,1,1,4,4,5,1,3,4,4,5,3,4,5,0,0,0,0,0,0,2,0,0,0,4,4,4,5,1,3,3,3,4,4,5,1,4,4,5,3,3,3,4,4,5,3,4,4,5,1,2,2,2,2,2,2,2,0,2,2,4,4,4,5,1,2,4,4,4,5,1,1,1,1,4,4,4,5,1,1,3,1,3,3,3,3,3,3,3,3,3,8,8,8,8,8,8,8,3,3,4,5,1,4,5,1,1,1,1,3,3,3,1,4,4,4,5,1,3,4,4,4,5,1,4,4,4,5,0,2,2,4,4,4,5,1,2,4,4,4,5,0,0,0,3,3,3,3,4,4,4,5,3,4,4,4,5,0,0,0,3,4,5,0,0,0,4,4,4,5,3,4,4,4,5,1,1,1,1,1,1,2,2,2,2,2,0,0,3,4,4,5,0,2,4,4,5,0,4,5,2,4,4,5,1,4,4,5,1,1,1,3,2,2,0,0,0,0,0,2,2,2,8,8,8,8,8,8,8,8,1,3,4,5,1,4,5,3,4,5,3,4,5,1,4,4,4,5,1,1,3,3,2,2,2,4,4,5,1,2,4,4,5,1,1,3,4,4,4,5,1,3,4,4,4,5,2,2,2,2,2,2,4,4,4,5,0,0,0,0,3,3,3,3,3,3,3,3,0,0,0,0,3,3,4,4,5,0,0,3,4,4,4,5,0,3,4,5,3,4,4,4,5,0,2,4,5,1,1,1,1,1,1,1,1,0,0,0,0,0,2,2,2,2,2,2,2,2,2,8,8,8,8,8,8,8,8,8,1,1,1,1,1,3,3,3,3,3,0,0,0,0,2,2,4,5,0,0,4,4,4,5,0,4,5,0,4,5,1,2,4,5,1,1,1,1,1,1,1,3,3,3,0,0,0,0,0,0,0,3,4,4,5,0,0,0,3,3,4,4,4
"""

Your placement is: 53 / 154
Top 4 strategies:
e536980fedc3bbf6f0e9ea2d95a7ab24afa30822b53a8ec5e5e0829e5dfa23f3 in place 3
GME=MOON in place 3
Diamond Hands in place 2
Silence Suzuka in place 1
Congratulations to the winner: Silence Suzuka
